15.863093,
6.637831,
0.284658,
-11.338463,
13.122892,
3.653147,
-4.702980,
7.787891,
-13.319767,
5.087089,
2.096674,
6.947473,
1.476412,
4.437875,
4.687404,
-6.719471,
0.457245,
6.831753,
-1.257115,
4.670300,
-10.744692,
10.098710,
-0.966296,
-0.367968,
0.355714,
-4.043023,
26.221178,
-7.410397,
3.259194,
0.203257,
-13.727261,
10.485075,
0.900835,
4.946129,
3.536540,
-2.858936,
-7.260710,
-3.156594,
-2.823021,
-17.146461,
-6.485863,
12.546755,
9.880032,
-3.631778,
-7.431334,
-1.237543,
3.644075,
3.668869,
2.473346,
-1.199512,
-3.588073,
7.550994,
2.261679,
-7.249975,
-11.820669,
5.143446,
-16.772642,
-18.472799,
-2.611552,
14.900574,
-10.702041,
0.770626,
7.833035,
-18.525946,
