199.328247,
157.487610,
147.611099,
333.375031,
289.175476,
168.394135,
229.184570,
287.338257,
590.535095,
418.069061,
199.585922,
172.720749,
226.392975,
196.132324,
262.158447,
235.695404,
185.367111,
338.516754,
288.064545,
313.652893,
297.062958,
224.747742,
180.869125,
298.594086,
379.264496,
224.485947,
352.306183,
406.968567,
220.324661,
172.647003,
290.906311,
286.881348,
252.974808,
154.716019,
273.133728,
221.748581,
173.124252,
203.600021,
373.989441,
300.399567,
476.708130,
233.734634,
226.055832,
247.538925,
234.967133,
147.006836,
266.188873,
203.182709,
218.980270,
371.007477,
153.470261,
210.933960,
257.053101,
218.367401,
212.609894,
225.507629,
357.684845,
317.430023,
256.614929,
261.385376,
151.330750,
277.270599,
219.311768,
482.517059,
