1.836923,
1.709964,
1.915666,
2.050433,
1.420298,
1.509060,
1.897904,
2.341663,
0.928037,
1.848222,
1.651557,
1.395278,
1.123068,
2.177904,
1.929263,
1.799763,
1.665299,
1.773240,
1.596595,
1.714874,
1.557378,
1.860075,
1.658177,
1.998296,
1.773680,
1.879602,
0.542329,
2.421335,
2.382557,
1.735162,
1.610319,
1.448834,
2.164237,
2.054507,
2.369577,
1.611228,
1.499256,
1.650705,
1.485005,
1.219682,
2.682557,
2.377792,
1.715669,
2.038820,
2.364383,
1.827353,
2.047648,
1.525894,
2.212995,
2.314984,
1.446192,
1.948624,
2.160317,
1.893438,
1.944522,
1.722115,
2.289095,
1.578908,
2.322362,
2.162182,
1.611857,
1.323393,
2.114102,
0.801641,
