0.555873,
-0.013096,
0.108085,
-0.326037,
-0.557503,
0.583463,
-0.668209,
0.836915,
-0.920199,
0.740284,
0.132797,
0.947139,
0.058923,
-0.248099,
0.565451,
-0.519807,
0.755261,
0.115625,
-0.839009,
1.290840,
-1.290504,
-0.086895,
0.384921,
-0.522192,
0.133718,
-0.451071,
0.104710,
-0.139533,
0.464227,
0.453463,
-0.624309,
0.386606,
-0.067157,
-0.070247,
0.317852,
-0.043101,
-0.918670,
-0.837925,
0.945398,
-0.316545,
-0.450211,
1.192587,
0.749010,
-0.677106,
-0.453433,
-0.187504,
-0.334960,
0.040910,
-0.246989,
0.567618,
-0.793356,
0.553260,
0.324614,
-0.288011,
-0.200225,
-0.776207,
-0.470092,
0.153463,
0.685159,
0.364987,
-0.882994,
-0.217915,
0.853581,
0.871213,
