-1.168442,
-7.339441,
-1.644111,
-0.459322,
4.240051,
1.868960,
-4.187064,
4.524614,
0.419403,
-2.661736,
-0.102236,
-2.901575,
-1.214447,
-5.237923,
-2.112943,
2.375997,
0.780557,
1.084086,
-1.850819,
-0.148748,
-2.277506,
-2.736266,
4.823589,
3.421257,
-0.374082,
0.609332,
0.481013,
-2.365252,
-4.483341,
4.975854,
3.286339,
-0.407432,
1.520704,
0.895743,
-1.364295,
1.838853,
2.083143,
-3.857463,
-3.985613,
2.607702,
-4.138168,
-2.227715,
0.178101,
1.298162,
4.636942,
-0.444638,
0.441794,
-2.917819,
-1.037018,
2.448497,
0.027047,
-1.299614,
0.155050,
-5.335184,
1.343637,
2.037561,
0.208282,
-0.683200,
-1.660019,
-0.531733,
-0.497658,
1.338699,
1.542007,
1.112010,
-0.759036,
1.922286,
0.567828,
-0.249831,
-0.584092,
4.299900,
-1.383935,
-3.330071,
1.536600,
-1.089400,
0.229039,
0.892818,
-0.290607,
-0.396639,
-0.560742,
-1.967568,
-1.214830,
2.705781,
5.331457,
0.261101,
-3.092849,
3.611186,
1.927932,
0.297780,
0.191809,
1.587020,
-1.351588,
-0.227650,
-1.008246,
2.156516,
1.260999,
-2.415302,
2.659949,
1.407387,
-4.100164,
-2.144444,
4.368689,
3.718405,
-0.262622,
0.902431,
-0.588182,
0.110807,
1.166695,
-1.069169,
-0.082374,
-1.128589,
3.313696,
1.851347,
3.982578,
2.149992,
3.457323,
4.124392,
-2.056975,
1.284873,
3.684860,
0.387734,
1.958182,
2.705662,
7.472719,
-0.362996,
-0.199668,
1.032686,
-3.771410,
1.537803,
-1.502272,
-0.221446,
2.863218,
0.668890,
-1.599936,
1.716843,
3.117236,
2.705482,
2.345041,
2.303919,
-5.241035,
-0.319875,
-0.608319,
1.275415,
-1.591388,
4.793086,
1.512614,
-0.581402,
0.045387,
0.172216,
1.644022,
-2.723037,
-2.398162,
3.281038,
-2.279000,
1.659794,
2.428245,
-5.099564,
-0.465640,
2.184009,
1.145838,
4.944744,
-4.620518,
0.817280,
-0.280452,
-0.550921,
-1.016811,
0.181489,
-1.079677,
-2.086307,
-0.744137,
0.859667,
0.874743,
3.978612,
0.271288,
2.208837,
-2.451361,
2.399642,
-0.395122,
-0.213322,
-4.152624,
0.036624,
1.493542,
3.616648,
4.760138,
-4.074917,
5.398857,
-0.950440,
-1.350271,
-1.868401,
-1.014182,
-1.054252,
-5.345861,
-5.548625,
-3.115606,
-3.199709,
0.890998,
1.405240,
-1.735509,
0.965295,
-3.850387,
1.207728,
1.521941,
1.763209,
-1.309589,
-1.422909,
2.231428,
-3.572258,
1.346626,
2.116028,
-1.664684,
-3.714662,
-4.933738,
2.452407,
-2.317763,
3.559648,
-2.698948,
-4.437941,
-0.737296,
1.606255,
-4.644652,
-0.705480,
-1.321211,
0.248499,
3.573197,
0.991627,
-1.562398,
-2.563034,
-1.864330,
-1.877794,
-2.918736,
0.840231,
3.435475,
4.248792,
-3.373480,
-1.432688,
3.141209,
-0.217555,
-3.885026,
2.939271,
-0.341063,
-2.031521,
0.559064,
-3.474487,
-5.119863,
2.424337,
0.075892,
1.828250,
0.108202,
0.498001,
-3.253714,
1.113252,
-1.513567,
-4.732669,
4.052171,
0.501900,
3.821886,
-4.080522,
