211.539566,
103.137276,
173.526779,
196.633270,
106.200851,
167.597366,
188.187302,
137.293549,
199.078354,
150.161209,
163.506592,
216.573273,
142.697083,
97.285614,
131.879822,
124.491867,
132.156815,
132.955673,
181.360016,
118.321236,
159.920609,
137.492416,
316.995300,
118.392242,
196.707184,
74.943092,
193.399597,
134.695709,
106.526482,
138.181641,
223.328995,
149.451706,
70.249611,
89.763695,
74.354866,
174.203201,
149.510422,
202.384918,
154.749786,
195.136703,
165.046967,
169.896515,
227.501587,
125.325333,
172.005997,
139.475082,
199.567001,
146.749878,
135.353958,
109.235802,
121.297440,
198.643829,
142.284805,
167.206558,
133.385284,
209.956589,
172.653778,
260.430206,
243.981827,
179.845917,
127.670387,
142.480499,
116.748833,
143.161331,
133.152985,
192.495819,
98.668617,
132.855515,
238.156601,
92.859573,
89.928947,
173.329758,
288.476868,
218.873718,
129.988190,
137.904251,
260.467499,
259.461212,
85.471970,
183.895157,
226.363602,
250.083618,
67.488823,
104.859779,
187.416138,
158.596802,
163.450104,
137.270844,
110.355423,
155.163956,
210.435913,
139.746338,
164.500946,
121.801804,
173.207169,
162.451340,
136.701889,
136.810577,
86.054337,
163.842300,
163.596954,
127.638344,
157.861725,
272.796936,
137.146240,
147.821198,
99.813988,
142.784088,
205.070770,
151.784088,
136.678207,
134.070602,
146.900162,
168.260345,
132.744690,
106.927994,
125.951073,
127.217422,
114.374329,
169.694702,
197.722748,
145.814728,
126.309242,
124.909309,
112.529686,
107.958328,
142.169830,
123.373123,
241.591339,
152.168213,
79.075859,
234.084091,
201.524582,
136.414078,
137.609833,
160.858383,
221.855347,
218.193756,
191.500870,
141.812271,
135.430389,
179.077255,
147.231094,
230.186752,
185.745773,
150.187775,
130.912430,
121.510941,
208.270981,
156.454880,
221.415085,
261.716858,
123.997055,
104.378235,
162.526276,
195.210892,
199.726181,
117.935722,
81.168457,
125.579353,
120.752335,
148.536026,
133.022964,
240.139481,
237.830246,
129.465988,
208.980988,
293.308197,
152.380661,
138.358902,
212.023666,
159.273132,
206.869095,
189.946777,
142.085159,
178.900879,
131.907120,
86.790901,
186.598358,
147.249039,
114.083534,
256.475983,
288.335968,
133.930710,
168.599411,
106.650322,
111.761978,
141.689682,
130.723694,
129.185410,
152.330185,
187.472458,
143.891769,
258.932495,
132.892883,
83.481232,
136.830734,
122.006676,
144.135117,
191.548508,
80.195442,
177.324615,
239.639755,
222.192429,
175.593414,
168.729980,
117.636673,
181.006149,
156.672546,
128.541107,
223.468140,
215.841278,
201.576538,
171.526001,
177.008499,
141.757111,
270.765381,
207.920853,
164.058640,
152.335022,
175.264328,
127.451904,
213.543060,
76.374687,
134.163315,
175.146896,
120.078499,
163.271729,
205.269180,
92.731041,
172.613541,
128.205566,
143.111176,
176.138397,
162.512314,
185.451172,
160.771500,
157.673447,
106.160141,
114.422150,
107.358078,
174.870117,
112.173286,
269.405182,
177.425232,
201.589523,
147.227600,
144.111526,
254.025497,
180.571198,
105.260056,
114.325233,
187.095596,
143.010025,
106.782394,
226.048767,
