1.378605,
2.467460,
1.585582,
1.125957,
2.171680,
1.199172,
1.406218,
2.024759,
0.043409,
0.170282,
2.239937,
1.470356,
0.987817,
1.580263,
2.007463,
1.839577,
1.425984,
0.747669,
1.540184,
1.232973,
1.195562,
0.400732,
1.434407,
2.328166,
1.564024,
0.692734,
1.280123,
1.523011,
0.957601,
1.384565,
0.673450,
1.103247,
1.002357,
0.350556,
0.827066,
0.666791,
1.136934,
2.011331,
2.096488,
1.330010,
1.876774,
0.766756,
1.311242,
1.238194,
2.249210,
0.788547,
1.222521,
0.936855,
0.488224,
1.977185,
1.637318,
0.216654,
0.895533,
1.644898,
1.893036,
0.513083,
3.401890,
1.700197,
1.394748,
1.002902,
0.782857,
1.115992,
2.037447,
1.241941,
1.350221,
1.221227,
1.559697,
1.025967,
0.075343,
1.177648,
1.004253,
1.117945,
0.577277,
1.667463,
2.283650,
1.613329,
0.298539,
1.342390,
1.224450,
1.564508,
0.598185,
1.272405,
2.290851,
0.479633,
1.481451,
1.514629,
1.951321,
2.091901,
2.769677,
2.206178,
2.415449,
0.432228,
-0.288313,
1.337341,
1.129916,
3.727281,
0.470556,
1.355840,
0.690089,
1.935043,
0.900713,
1.630102,
1.780248,
-0.048952,
0.824093,
0.847991,
1.383400,
0.543328,
2.367188,
2.282111,
1.790275,
1.638461,
1.168022,
1.210435,
0.830157,
1.015601,
1.311612,
1.624374,
1.849712,
2.255245,
2.067426,
1.328626,
2.896153,
1.072712,
1.500107,
1.054837,
1.758022,
1.912549,
1.734644,
0.829546,
2.305358,
0.678334,
0.598871,
2.116615,
0.230593,
1.289662,
-0.325772,
1.499678,
1.604256,
1.125584,
1.915796,
1.479020,
2.574101,
0.366446,
1.514382,
1.238617,
1.259827,
0.834256,
1.211025,
1.782805,
1.457581,
1.335499,
0.726286,
1.343980,
0.835367,
1.414218,
0.900880,
1.185299,
1.213935,
1.817647,
2.608963,
2.459323,
1.485281,
0.923735,
1.134770,
0.059174,
1.459212,
1.379217,
1.399743,
0.677304,
1.623030,
2.582991,
1.662491,
1.188392,
1.037918,
0.662406,
1.683367,
0.319406,
0.514142,
1.337119,
1.259828,
0.210384,
1.502280,
2.172511,
1.181976,
0.865027,
0.666633,
0.102027,
1.623581,
0.833401,
1.803250,
0.925719,
1.818922,
0.874777,
1.711434,
0.315382,
1.425792,
0.569298,
0.735099,
0.980723,
0.910776,
2.086970,
1.836611,
1.764423,
2.037439,
1.446650,
1.146762,
1.604598,
1.678203,
2.437470,
0.659101,
1.124846,
1.326854,
1.216380,
0.822662,
2.228809,
0.923153,
1.361564,
1.755658,
0.996416,
1.128058,
1.456763,
0.856464,
1.035195,
2.044986,
1.211965,
1.934117,
0.898346,
1.826311,
2.136480,
1.764870,
1.359604,
1.233493,
0.901497,
1.329615,
1.015771,
1.387548,
0.999005,
1.463504,
1.244107,
0.545692,
1.018887,
1.289712,
2.774432,
1.017237,
1.153434,
1.679101,
2.243487,
1.599530,
1.026797,
1.736040,
1.004395,
1.329854,
1.377217,
0.837840,
0.808160,
